500
4 252 441 190 196 
4 93 97 420 286 
4 423 28 35 333 
4 300 12 369 197 
4 165 47 33 482 
4 299 315 306 326 
4 330 322 279 454 
4 256 21 1 14 
4 154 7 414 421 
4 86 492 17 189 
4 352 212 358 334 
4 443 484 337 213 
4 410 170 266 182 
4 158 11 495 64 
4 141 73 156 72 
4 319 462 301 120 
4 234 298 264 261 
4 310 376 350 329 
4 48 38 486 0 
4 111 108 52 475 
4 452 371 113 463 
4 155 448 166 451 
4 324 221 434 210 
4 236 240 219 249 
4 356 19 20 60 
4 5 367 360 15 
4 311 61 34 231 
4 258 147 199 208 
4 187 288 292 193 
4 273 175 277 181 
4 433 430 320 271 
4 455 419 445 439 
4 473 396 405 409 
4 498 499 385 387 
4 263 6 159 163 
4 412 459 268 149 
4 278 8 276 139 
4 407 121 283 123 
4 403 294 10 117 
4 400 99 302 105 
4 431 214 162 399 
4 225 203 429 218 
4 427 230 437 201 
4 375 467 192 438 
4 242 424 442 188 
4 177 180 3 444 
4 449 497 447 422 
4 328 392 71 235 
4 13 472 65 391 
4 394 55 336 388 
4 353 351 348 345 
4 23 24 384 31 
4 18 474 364 362 
4 89 397 90 91 
4 40 186 36 101 
4 44 104 41 185 
4 174 446 46 45 
4 22 32 172 50 
4 207 95 432 92 
4 27 81 25 204 
3 29 198 200 
3 100 195 468 
3 494 26 16 
3 132 136 138 
3 69 114 66 
3 124 54 129 
3 116 115 70 
3 119 76 460 
3 80 128 78 
3 490 164 450 
3 56 160 106 
3 153 461 453 
3 151 152 59 
3 112 148 109 
3 107 79 144 
3 347 295 274 
3 361 237 363 
3 289 359 390 
3 259 233 244 
3 247 285 395 
3 282 325 284 
3 254 280 251 
3 307 378 245 
3 332 269 217 
3 304 372 373 
3 401 267 379 
3 377 339 226 
3 425 365 411 
3 67 62 341 
3 68 327 331 
3 471 393 63 
3 309 308 323 
3 313 312 398 
3 314 87 88 
3 389 84 85 
3 317 316 82 
3 321 77 318 
3 469 74 75 
3 354 83 470 
3 483 355 30 
3 382 383 357 
3 488 487 485 
3 381 94 489 
3 493 368 491 
3 9 370 380 
3 374 4 496 
3 58 366 2 
3 338 335 57 
3 51 340 53 
3 477 476 49 
3 344 386 342 
3 346 42 43 
3 37 478 39 
3 480 479 349 
3 241 343 481 
3 243 183 184 
3 246 178 179 
3 173 248 176 
3 169 297 250 
3 253 167 168 
2 418 255 
2 161 257 
2 260 417 
2 171 157 
2 216 215 
2 220 211 
2 428 209 
2 206 222 
2 223 205 
2 239 224 
2 435 227 
2 436 228 
2 232 229 
2 426 194 
2 440 191 
2 202 238 
2 125 126 
2 122 281 
2 118 287 
2 290 406 
2 293 291 
2 416 464 
2 465 296 
2 402 404 
2 102 103 
2 305 303 
2 466 98 
2 110 96 
2 457 456 
2 415 262 
2 150 265 
2 458 413 
2 145 146 
2 127 143 
2 140 270 
2 137 272 
2 134 135 
2 275 133 
2 130 131 
2 142 408 
