4965
4 6404 8148 5121 5357 
4 5583 5913 2589 421 
4 3629 8785 9906 6255 
4 3987 1737 7710 6584 
4 2094 4386 5231 7529 
4 8197 6735 9487 5796 
4 998 8754 2584 1756 
4 6312 2861 6655 2395 
4 7704 7569 7923 59 
4 6632 7444 9612 5515 
4 7796 8452 7262 8873 
4 8407 398 5905 2489 
4 604 6459 1729 820 
4 7064 7549 1248 9004 
4 8733 5886 8603 4848 
4 9529 9354 8437 8189 
4 1524 4449 9213 6839 
4 9483 5744 4574 4318 
4 3904 4233 6823 4100 
4 5416 7108 3626 8479 
4 6476 2545 1287 9620 
4 1396 3697 4004 9383 
4 370 4041 5427 9131 
4 3015 847 2061 973 
4 2155 4863 9247 4644 
4 3135 4631 6668 7792 
4 7168 9618 1492 2222 
4 2843 2687 2752 5363 
4 2117 453 44 5570 
4 8775 7100 1561 8284 
4 4036 9765 461 3505 
4 2932 8287 3295 1423 
4 8854 1385 6640 8004 
4 3715 8591 5616 3273 
4 6639 5918 2096 2345 
4 1556 674 3420 9813 
4 2935 666 5090 7936 
4 2598 2331 4695 5251 
4 9959 1677 3825 6762 
4 6756 1114 4147 1081 
4 8384 8689 5592 5001 
4 7525 9818 6196 8119 
4 683 864 5989 1388 
4 5526 4106 948 6613 
4 8320 8911 3942 9888 
4 5211 4473 4194 5083 
4 7369 5052 3149 9128 
4 2819 2459 8777 8585 
4 7819 132 7515 936 
4 7577 2246 2968 4670 
4 7863 8240 962 3484 
4 7939 2723 876 8814 
4 9256 8837 752 7368 
4 8392 110 3457 8991 
4 7290 7208 7950 3176 
4 2728 2196 7101 371 
4 9267 4808 8636 684 
4 5791 2212 8641 281 
4 5602 2499 6240 63 
4 7259 4090 2475 9614 
4 1101 9019 3656 714 
4 9894 4916 5651 2064 
4 839 7834 3678 1013 
4 3024 5048 3765 1491 
4 7198 6170 2548 7945 
4 1004 1115 4961 4405 
4 7937 1071 9965 5945 
4 2124 1233 3302 4685 
4 3272 8152 3795 4579 
4 2141 9295 5042 9986 
4 3647 6677 384 7104 
4 1734 7927 2008 2070 
4 7135 4702 5101 6782 
4 4430 5773 6495 854 
4 336 1707 8058 2115 
4 2080 7540 1164 1214 
4 8639 5046 4957 7201 
4 7409 2558 443 2922 
4 1341 4917 4788 5214 
4 3499 5653 8063 7896 
4 976 49 7961 7825 
4 9307 1146 6702 7202 
4 6381 4886 1830 4964 
4 4509 9568 7313 3463 
4 4983 82 818 6176 
4 6107 3792 8612 5295 
4 5772 7595 3047 7757 
4 4135 3607 5982 4874 
4 2274 2727 3096 3940 
4 9305 8338 2228 5713 
4 3566 3896 2964 6252 
4 3309 636 1353 3228 
4 1210 8485 4322 7136 
4 7305 5310 887 8608 
4 7543 4240 6168 1851 
4 9433 71 7516 3293 
4 4925 8322 4406 6550 
4 6935 1203 8745 1988 
4 4940 7551 9866 9129 
4 7145 5625 1955 1671 
4 4185 9527 1812 9795 
4 5383 4141 8116 7 
4 47 5219 7579 3437 
4 7326 8465 594 4131 
4 2456 1450 3114 1322 
4 2259 4167 8851 9552 
4 9 7359 4637 4235 
4 7231 1713 3042 3142 
4 5652 5006 766 1094 
4 1934 9539 4655 1742 
4 532 9690 7583 3686 
4 9525 2962 5873 2686 
4 7715 4561 5494 4074 
4 8803 9263 3844 4657 
4 2481 3072 727 8553 
4 7083 1050 723 1895 
4 4112 4475 6957 4847 
4 4102 9532 8387 6129 
4 9917 2759 7447 9235 
4 4374 62 8250 3357 
4 2736 8736 7088 2982 
4 8332 3519 7196 2293 
4 8375 3196 954 1946 
4 7308 7032 213 7648 
4 8010 9196 4320 9946 
4 6547 1591 2045 859 
4 1418 6882 5163 9063 
4 1724 5777 4076 2726 
4 4619 5904 7725 8767 
4 2060 2342 6611 3337 
4 3689 1568 2652 8193 
4 992 850 9106 6178 
4 5172 9119 4402 2340 
4 4912 8644 3155 2544 
4 4995 1433 4638 4490 
4 9747 3672 3170 9966 
4 3775 6558 2642 1621 
4 586 2749 3648 2085 
4 5729 120 201 9576 
4 3781 3757 9344 8626 
4 8601 6913 7851 6038 
4 6534 7451 5686 7494 
4 4139 2828 7643 3542 
4 774 6571 8478 3257 
4 5931 8397 4550 6567 
4 7545 3889 7148 8138 
4 7814 5156 2628 7464 
4 403 1763 3593 2323 
4 6134 4150 9542 8186 
4 4244 328 9302 2862 
4 3112 3376 676 2870 
4 7862 3475 4058 6537 
4 9713 9151 2308 2795 
4 2300 18 9275 8997 
4 58 8187 6467 8865 
4 7079 4959 6927 9559 
4 1383 2814 4390 2213 
4 7316 4044 2036 5081 
4 9900 5366 8242 8267 
4 3869 3840 8115 8233 
4 4480 8259 3708 3451 
4 5609 6147 9528 8506 
4 7445 6171 1711 7703 
4 5845 7673 2123 7166 
4 3842 8849 8616 778 
4 2305 9320 8079 446 
4 1049 9873 1160 9243 
4 2267 1839 11 1936 
4 3526 5540 8094 2160 
4 4837 2313 1136 3583 
4 2243 245 8101 5096 
4 2023 3126 654 8430 
4 6123 6359 6050 333 
4 7944 8167 1552 9605 
4 1509 3913 7267 9514 
4 3950 5324 4284 5359 
4 8509 9921 2985 5136 
4 687 7385 7953 7726 
4 5854 8036 8286 9374 
4 2282 7008 2944 4551 
4 6777 2920 373 4902 
4 706 5209 6580 6300 
4 2535 9784 3106 6842 
4 7522 1767 4498 8367 
4 7466 3899 1845 3745 
4 1231 3618 6481 3632 
4 9340 65 1427 9289 
4 2674 7922 2817 3253 
4 2203 9856 6060 5665 
4 5600 177 7026 8348 
4 8701 4690 6985 6989 
4 7700 9722 2718 9283 
4 8026 9732 9942 463 
4 7756 2994 5622 593 
4 4965 3083 8563 3002 
4 4151 8346 9111 1359 
4 7050 6638 7920 5919 
4 1096 780 8721 4516 
4 6582 8697 8047 1996 
4 6313 2572 9691 2941 
4 7212 1817 9649 1357 
4 9252 2619 8834 3229 
4 1085 745 8253 6329 
4 4137 4951 2364 9778 
4 9366 3485 2571 1336 
4 7209 5962 1372 522 
4 6316 9779 2802 6363 
4 2009 4582 103 3356 
4 6602 717 9443 8839 
4 6477 251 709 9751 
4 4351 4352 1861 2112 
4 3368 67 8477 565 
4 5891 5909 2647 6426 
4 9365 9123 2351 8811 
4 9154 8199 7119 2905 
4 4259 3089 6994 3443 
4 7629 645 5793 9124 
4 1976 1340 257 6 
4 7981 8614 2536 214 
4 7671 8751 171 5492 
4 1202 7330 9585 4884 
4 6415 1510 1787 2095 
4 9546 9325 332 3379 
4 1344 8947 4357 9806 
4 3496 2162 9629 1701 
4 7489 4134 7911 4293 
4 3062 3214 3308 4477 
4 188 5593 5239 60 
4 2957 8923 8200 6666 
4 8163 9968 4867 1001 
4 1820 9363 8501 5544 
4 750 877 5330 4557 
4 1717 9974 5149 9511 
4 6914 8835 9930 8529 
4 5236 1740 5733 7934 
4 6956 5518 5244 4222 
4 5332 8003 8779 1975 
4 7391 6342 4711 7057 
4 4977 1505 6297 5991 
4 8658 2776 1564 8651 
4 1800 4727 7613 321 
4 2575 3730 9545 1351 
4 1364 296 9166 7677 
4 6188 4331 924 1883 
4 7415 8040 7439 3750 
4 1249 4572 4696 8431 
4 2245 5529 7153 7344 
4 1965 5970 9962 5758 
4 9419 7647 7210 3120 
4 8990 9426 791 1747 
4 4415 5131 1522 8915 
4 4161 7699 4717 5028 
4 3579 2509 8449 5808 
4 5683 1743 9550 8168 
4 8579 8056 6738 5835 
4 2265 3473 7972 5488 
4 2043 5074 9397 96 
4 9271 3655 767 5728 
4 8418 9341 6616 1714 
4 2573 7824 6042 1061 
4 6419 55 3087 7250 
4 9569 902 6627 8866 
4 631 301 6273 1673 
4 8607 3845 8548 3830 
4 6144 1523 1200 264 
4 3834 8470 2952 5720 
4 1178 9853 197 9626 
4 1636 8625 3223 797 
4 9566 7524 1889 4870 
4 9797 773 385 6742 
4 8487 3306 5553 6410 
4 9572 6309 2809 3167 
4 2089 5155 1508 8702 
4 9048 4367 8132 6226 
4 2055 3978 8659 6377 
4 3137 4960 407 6336 
4 6192 8183 5375 5864 
4 7436 1810 1476 7155 
4 9250 7567 7748 3905 
4 3557 1948 5610 4600 
4 730 4649 2612 3673 
4 3791 1228 6384 278 
4 1998 2486 9718 4079 
4 8671 3271 4524 3870 
4 6769 4043 4200 9689 
4 4861 875 9952 6058 
4 283 9746 9265 2353 
4 5308 9843 6198 3001 
4 6028 8940 8707 6747 
4 3857 9871 1429 5476 
4 1912 3944 3 7253 
4 6010 6662 85 1483 
4 7302 9078 2912 8172 
4 7443 7412 8204 5170 
4 1140 2000 8677 8297 
4 9507 432 3997 3367 
4 4706 6578 1587 7118 
4 8453 4179 836 1853 
4 1040 4527 7880 4532 
4 263 3278 9755 884 
4 8442 6981 4469 915 
4 5203 6146 3028 6483 
4 7095 1720 5207 6012 
4 8683 2927 4607 7103 
4 9695 7978 3728 5849 
4 5803 6320 3022 995 
4 6110 8670 513 7696 
4 1821 2585 3508 3885 
4 7618 7319 8964 6757 
4 1224 1378 634 464 
4 8722 6370 7603 7617 
4 7296 8929 4617 4565 
4 1037 3518 4883 1253 
4 5174 3736 4474 2877 
4 3877 4307 6444 8932 
4 5197 1708 3561 9908 
4 1073 1681 6498 7861 
4 7759 3362 3037 8750 
4 8692 1542 1117 8895 
4 1526 1684 1923 2939 
4 3375 3248 4786 5785 
4 1154 9464 4871 9359 
4 1484 4439 2627 2937 
4 559 1116 9599 4038 
4 1152 7536 8524 5902 
4 1571 2488 4361 137 
4 520 8328 3892 7870 
4 8956 3511 4521 8874 
4 4292 6367 9880 6296 
4 5823 2798 5278 5462 
4 4975 9197 2592 8466 
4 8637 3853 7823 7678 
4 3107 7178 9769 5547 
4 3544 9849 916 3055 
4 5839 1261 6231 1833 
4 4946 7041 5341 6656 
4 8527 1712 970 9907 
4 6965 1361 6577 17 
4 2566 4668 9425 7463 
4 2600 5941 56 5705 
4 6605 6220 172 174 
4 7255 9984 5998 9961 
4 5441 1726 2185 5378 
4 5548 846 760 6938 
4 7130 529 6389 7238 
4 9014 2368 7215 5503 
4 10 6715 145 4604 
4 7363 3050 8516 5250 
4 3969 8363 9350 3769 
4 844 1430 2106 1234 
4 738 1570 4663 9092 
4 5446 3746 297 451 
4 3516 5151 7740 6856 
4 5563 8931 1765 688 
4 2716 1122 3134 4731 
4 6583 6752 5649 1601 
4 208 5271 923 525 
4 7218 9895 8714 9168 
4 912 6266 556 6205 
4 7624 6540 6526 5118 
4 1197 7778 2165 6364 
4 9741 9597 2766 1487 
4 2407 1827 5325 5579 
4 1963 3104 926 6133 
4 139 9161 4093 8239 
4 7149 9121 3540 164 
4 2007 6396 2221 8673 
4 4491 7558 7518 4990 
4 3258 2649 9214 117 
4 9450 9182 8081 8833 
4 5013 5007 8161 2295 
4 8059 5948 1589 5017 
4 9594 2484 4230 1648 
4 4627 8650 7839 7499 
4 5899 5627 211 3674 
4 5574 6451 8824 6052 
4 8044 2804 9246 9390 
4 8293 4126 8198 2879 
4 3691 628 2309 7692 
4 5056 5875 6149 7346 
4 642 6680 480 7152 
4 9135 2127 7204 1010 
4 2848 8617 87 2555 
4 1825 3932 2590 7983 
4 7318 1015 3029 6102 
4 8247 9719 3276 9490 
4 656 6623 6721 2836 
4 6157 3828 9588 5879 
4 7752 8305 6215 7151 
4 7278 2811 3608 8609 
4 9471 2125 8653 6645 
4 6731 3973 7954 289 
4 900 9580 1866 4555 
4 178 8606 9776 597 
4 6036 1847 9414 1735 
4 2516 1620 2872 1876 
4 6193 206 3480 3239 
4 4650 5487 1943 3677 
4 6256 5513 9286 4859 
4 1464 9852 28 3692 
4 2538 931 1159 7375 
4 4671 8652 1856 5824 
4 5815 6703 9499 9382 
4 590 1311 6685 2226 
4 1393 6350 8578 1056 
4 3527 1819 4170 8134 
4 9276 1632 6531 3808 
4 4573 4522 2697 3891 
4 3132 1205 3092 8258 
4 8434 4792 4496 5058 
4 7888 5061 834 1129 
4 6111 5559 2999 7764 
4 6984 307 5981 6152 
4 6206 8537 8468 1994 
4 4054 151 124 6443 
4 1877 2732 1260 6741 
4 5094 3895 7105 9407 
4 7875 1874 7475 6053 
4 8342 4933 1718 8684 
4 589 9238 9637 53 
4 1562 9241 2190 4997 
4 6228 9799 142 8967 
4 3573 236 1888 7542 
4 290 1642 2705 7734 
4 9748 3980 7413 4725 
4 9165 9675 2428 7777 
4 6306 7512 4611 4857 
4 4865 4055 2091 4814 
4 1884 7884 1704 4661 
4 9714 4442 9326 5418 
4 4692 9730 5371 7610 
4 7219 6932 7993 8907 
4 9864 2490 4592 8032 
4 9602 9530 4091 8035 
4 6651 7361 6676 9761 
4 5710 4636 4774 6628 
4 4989 7659 3297 253 
4 1445 6849 2020 2241 
4 540 2765 7286 5644 
4 4875 4703 6155 9376 
4 735 2854 3558 7406 
4 1837 4716 4363 362 
4 4381 5517 6557 5044 
4 3912 1282 3924 5235 
4 8176 5794 648 4066 
4 3945 3839 6827 5035 
4 1440 9523 7841 9896 
4 2565 7662 7090 3802 
4 6326 4926 2254 3654 
4 9976 4506 4187 7526 
4 2461 3531 8123 2887 
4 1595 6733 5020 4904 
4 7074 2400 7003 3553 
4 9016 1023 4656 7594 
4 5671 4771 6365 8423 
4 7733 3498 7382 898 
4 9650 6366 2806 8241 
4 1598 5916 4064 6380 
4 9922 6794 4410 6976 
4 1339 3567 4089 534 
4 1406 5474 2006 3422 
4 1467 5389 7037 6289 
4 8333 2081 4559 4773 
4 5530 6673 358 2457 
4 5355 7356 7683 8597 
4 7432 4412 1723 7374 
4 1533 2320 5205 9368 
4 1332 6436 9453 9220 
4 960 8432 2783 3760 
4 210 7914 1471 147 
4 6988 9988 5898 4879 
4 6076 3906 9456 6800 
4 9848 5336 8861 404 
4 6361 1584 622 2375 
4 2907 689 4495 8019 
4 489 6857 33 1422 
4 8889 5178 8715 6490 
4 146 3323 7821 3718 
4 9879 1609 6514 4720 
4 8376 6778 4375 8938 
4 9468 5489 4478 909 
4 5086 2462 6528 5457 
4 8153 4011 4766 3145 
4 3704 7419 5551 7768 
4 7943 7818 7426 7534 
4 2381 7785 5633 8648 
4 8894 2389 9043 4639 
4 8150 3244 737 5856 
4 7249 9361 7530 2401 
4 7230 3617 1021 7310 
4 4452 5869 8898 2874 
4 9561 2398 9192 9684 
4 9726 6784 8043 3582 
4 8845 3914 396 7175 
4 3882 9072 2260 7592 
4 6340 1529 8823 6016 
4 6870 1922 3595 9703 
4 9631 3352 4057 8954 
4 150 3559 1512 6585 
4 4953 5467 3153 8299 
4 6208 4026 3299 2129 
4 5776 5901 1930 7917 
4 3371 9122 8425 3983 
4 635 9143 5865 1952 
4 39 5920 835 9222 
4 6202 7013 5085 198 
4 9971 5461 5255 5380 
4 8325 8679 3966 7990 
4 7116 8746 9429 5522 
4 4823 4467 3985 8712 
4 6466 3749 6834 1886 
4 1090 7770 4907 7454 
4 512 5832 2191 4202 
4 947 5556 3075 804 
4 5724 9549 5531 8682 
4 3339 9667 9221 7596 
4 9802 8238 7966 6649 
4 7010 359 3188 7956 
4 9606 9828 32 9062 
4 3136 1507 7689 711 
4 9091 5615 7480 1822 
4 2134 9183 3564 9734 
4 4124 6724 3129 4704 
4 4640 4887 7809 7221 
4 3811 7220 2277 1761 
4 2924 3011 6184 9868 
4 4016 149 3428 6421 
4 678 6700 8519 1347 
4 7186 45 5908 5896 
4 6574 4208 6705 7970 
4 170 300 2148 6873 
4 1256 8276 9173 1100 
4 2707 7731 6243 2167 
4 5756 3322 2343 7876 
4 6264 4514 6160 3991 
4 849 9096 8632 5451 
4 8196 2024 6446 5584 
4 3641 4465 3694 5566 
4 313 5047 1382 6811 
4 2278 0 8263 7964 
4 5939 6637 8264 9573 
4 3724 3020 5164 2198 
4 6203 471 611 8562 
4 2467 3121 9459 6248 
4 9978 5954 5166 2495 
4 7984 4708 8908 6553 
4 9752 6659 2672 4949 
4 1047 8517 8752 1908 
4 4335 5277 6681 6903 
4 4659 2983 1157 8027 
4 1174 8133 7386 1199 
4 9987 6596 6522 9996 
4 6942 5657 9891 1044 
4 7975 6015 9583 9299 
4 4992 5040 6726 7424 
4 1181 2875 4340 2367 
4 9328 9210 5860 1179 
4 3818 3681 5240 6648 
4 5947 1569 9068 7425 
4 6112 8801 4215 8711 
4 1106 9633 4511 6017 
4 708 3203 541 433 
4 3127 3412 7384 7727 
4 3226 9038 5449 5721 
4 1593 2337 1411 5362 
4 8222 2062 9836 4790 
4 6022 5836 7509 3517 
4 562 8143 5763 6719 
4 3563 1668 7521 5173 
4 1381 4419 5813 4456 
4 5536 825 6246 7500 
4 514 1616 4286 6478 
4 9721 8210 3894 8160 
4 3031 1840 2702 2506 
4 2296 4052 2601 7555 
4 8863 8864 4206 8413 
4 2025 9486 5157 8828 
4 6351 204 5496 8696 
4 8139 8202 355 8667 
4 1751 8810 5730 7877 
4 889 2120 8336 608 
4 1768 4958 6492 968 
4 4359 6713 1400 3105 
4 1535 9935 2954 7751 
4 5198 5872 8031 9920 
3 4188 8876 8006 
3 6864 3330 1409 
3 4092 465 70 
3 2329 1012 2159 
3 6275 6280 4742 
3 9995 2437 3596 
3 5368 6051 8977 
3 919 1321 3657 
3 234 4801 9198 
3 2578 6960 9418 
3 8919 3004 530 
3 1843 3809 3235 
3 955 3972 4228 
3 4858 6263 2033 
3 240 4943 7633 
3 9028 7924 9269 
3 9519 1640 1062 
3 3926 8454 5082 
3 7397 4000 9768 
3 430 431 131 
3 8089 6576 5751 
3 456 9600 5606 
3 270 9187 9716 
3 8215 7729 7614 
3 9201 2746 3311 
3 2762 9767 2786 
3 9446 97 6964 
3 5208 6008 9699 
3 6698 6097 2949 
3 1330 9332 2661 
3 2604 1750 978 
3 8137 500 2193 
3 620 3939 1939 
3 372 7995 4046 
3 1036 9431 6890 
3 7170 2072 1259 
3 3956 1744 6161 
3 8401 4534 4796 
3 2632 8447 7663 
3 136 5986 6003 
3 9584 439 9656 
3 9538 673 1980 
3 4301 2977 6761 
3 6565 5191 9086 
3 3590 8822 7457 
3 6844 7407 9944 
3 6835 4221 885 
3 4798 2772 1796 
3 2694 8180 2102 
3 1519 3212 6824 
3 7991 1475 9398 
3 5245 2713 4942 
3 2595 5482 2514 
3 183 4104 8435 
3 1318 6352 8252 
3 24 8568 6137 
3 1649 9413 2399 
3 956 2074 3280 
3 8383 1961 3370 
3 4238 5666 8326 
3 8859 1694 4387 
3 86 3793 1279 
3 5732 4635 3344 
3 6450 4502 6809 
3 9075 8037 6197 
3 7895 3060 6121 
3 5752 7674 6463 
3 7800 9083 2207 
3 7881 6887 4777 
3 1983 37 9855 
3 9036 7554 6302 
3 457 2953 4783 
3 4839 2891 2881 
3 1546 3822 2297 
3 7586 7471 7461 
3 458 1538 5994 
3 7724 3364 6972 
3 756 8815 8314 
3 5168 4358 602 
3 7320 487 7410 
3 6959 8900 4400 
3 7812 5897 4595 
3 1755 7357 3543 
3 4248 6963 9009 
3 2144 5024 7362 
3 7387 8766 3052 
3 9137 6311 4399 
3 3951 3141 4434 
3 4116 2608 9047 
3 8353 7206 4596 
3 2903 7094 8930 
3 2149 8093 2596 
3 335 6471 6915 
3 2210 9094 9035 
3 6353 6332 4504 
3 9215 462 2028 
3 4339 3021 2610 
3 9578 2785 2956 
3 9114 2741 9564 
3 3875 6506 9838 
3 3347 392 1371 
3 8486 221 1536 
3 7850 6925 801 
3 2892 2859 4994 
3 5628 5066 40 
3 6127 7078 9659 
3 6818 7602 3789 
3 2837 1688 1161 
3 7889 1678 6448 
3 6148 4069 3651 
3 4736 725 3887 
3 6232 5233 9709 
3 4877 2469 31 
3 5181 2059 9820 
3 6175 802 8663 
3 2412 4982 168 
3 1426 7694 1453 
3 4688 8028 2683 
3 9993 7859 4097 
3 842 1778 7959 
3 9651 8543 840 
3 502 1009 6229 
3 8737 9394 5125 
3 6328 7632 4291 
3 8438 7557 739 
3 5106 6944 2307 
3 343 5128 2685 
3 393 1220 7960 
3 6699 3841 402 
3 5817 152 8022 
3 9015 9678 639 
3 8426 4488 9540 
3 9595 1959 644 
3 615 2101 3318 
3 78 511 3012 
3 325 6725 2169 
3 9223 4549 8576 
3 5719 5631 7742 
3 4787 1869 1043 
3 4567 9489 4689 
3 5558 613 6473 
3 5959 2950 7395 
3 5422 8804 229 
3 8643 5676 68 
3 9227 793 848 
3 4099 5190 7423 
3 8950 7803 6034 
3 2388 8256 34 
3 7971 4031 5882 
3 7532 6952 3679 
3 6746 7631 2472 
3 3743 1807 6315 
3 8903 953 1979 
3 2242 3555 7697 
3 8097 4826 1165 
3 7314 4855 9957 
3 3903 7994 3123 
3 726 1080 1377 
3 7132 9887 4880 
3 4723 6005 1270 
3 5881 3515 9892 
3 6452 579 1167 
3 13 413 20 
3 5731 5850 252 
3 1892 6225 5443 
3 3698 640 7430 
3 305 467 7581 
3 477 1590 4969 
3 153 2002 860 
3 7666 4047 8571 
3 2164 4811 2669 
3 3509 6922 4298 
3 7176 8629 3396 
3 8398 2304 5212 
3 2137 76 9475 
3 2215 6357 5951 
3 57 9274 1502 
3 6189 2929 4750 
3 3621 6563 6095 
3 740 4451 7826 
3 5950 9280 6479 
3 4267 3665 4173 
3 6674 6291 4078 
3 346 6046 7496 
3 2898 8212 5863 
3 3246 5161 2629 
3 1953 4679 1549 
3 9337 7713 7036 
3 4554 2358 5829 
3 4245 7906 414 
3 2019 9524 395 
3 1586 4279 3581 
3 4922 2232 1369 
3 2432 2527 293 
3 193 5146 649 
3 7951 4246 3233 
3 3761 5346 4155 
3 7565 6740 5026 
3 83 7024 2799 
3 4249 8821 8206 
3 8986 1276 3146 
3 6210 9065 7804 
3 6544 6104 9830 
3 4662 7252 1416 
3 3902 3449 949 
3 5895 8456 937 
3 1194 9313 4747 
3 9157 3161 7194 
3 3504 3838 554 
3 9234 2531 568 
3 2751 2533 1650 
3 1286 4311 1504 
3 3261 1084 4314 
3 6244 9526 2824 
3 3482 2634 868 
3 16 8675 4030 
3 2668 6630 3748 
3 444 2529 9294 
3 5200 9105 8229 
3 3806 3263 4856 
3 7743 7236 3773 
3 5714 7197 3431 
3 23 7813 1793 
3 8498 7653 9543 
3 6270 4653 4537 
3 3332 5387 1516 
3 9692 8440 6664 
3 1031 1032 7963 
3 3930 4501 6258 
3 9635 9810 9458 
3 4176 7490 4328 
3 4767 1532 2047 
3 2303 6294 4398 
3 1527 5672 3174 
3 1118 1250 8965 
3 982 9333 7018 
3 1514 9496 3911 
3 5401 9488 8277 
3 4623 6920 8642 
3 8355 7559 4892 
3 9551 2442 1296 
3 4578 675 9958 
3 8201 9680 3316 
3 8952 6612 4841 
3 1201 1986 6828 
3 7150 4914 4001 
3 6245 1891 1452 
3 2422 6693 5237 
3 8654 3125 5059 
3 6744 6569 9260 
3 5834 1606 8179 
3 1618 2671 9085 
3 2143 9711 5980 
3 3824 6430 4935 
3 5175 5199 6852 
3 499 8729 8727 
3 8289 9251 6510 
3 6822 6962 6494 
3 3880 3513 5373 
3 2264 2712 4713 
3 6093 4447 1027 
3 5043 9149 3747 
3 8067 3099 8177 
3 858 225 4144 
3 7622 9002 4164 
3 459 5769 4775 
3 4898 5641 4605 
3 3407 9858 8918 
3 9022 7761 365 
3 3147 9655 7418 
3 7828 8808 4095 
3 6604 8593 5097 
3 2328 5400 8981 
3 4407 8897 8235 
3 30 7237 115 
3 3570 7957 9272 
3 9181 4562 8567 
3 8382 123 9611 
3 7849 7600 6130 
3 1806 6600 1898 
3 3274 1951 2335 
3 6846 185 3547 
3 9624 1058 2402 
3 1865 6118 9985 
3 2235 8978 1132 
3 6727 2946 4482 
3 1669 8756 1110 
3 4558 6766 2570 
3 8472 1978 6398 
3 6590 8108 7721 
3 94 6126 3355 
3 5831 6851 5098 
3 7190 7048 5471 
3 6002 576 9073 
3 4840 4156 6323 
3 1639 2046 6090 
3 8806 6899 9927 
3 5077 2205 4546 
3 7868 7616 7247 
3 8340 6993 6078 
3 2240 8393 7665 
3 2466 9771 7899 
3 6472 8388 4694 
3 7315 4197 7085 
3 7127 6669 4325 
3 2220 5442 8753 
3 8572 5505 7273 
3 9338 3587 5019 
3 8129 2582 6711 
3 7634 473 1835 
3 5041 8734 9613 
3 2591 6223 9859 
3 896 7329 6524 
3 3615 4489 2333 
3 6304 3078 5812 
3 8372 5944 4804 
3 9745 7805 1288 
3 1754 7693 3883 
3 8640 1848 899 
3 2294 4564 6774 
3 160 1271 3506 
3 2216 1774 1266 
3 516 2911 7460 
3 1137 2105 5323 
3 3664 22 5460 
3 5702 6560 419 
3 3265 9948 8573 
3 5140 5621 6739 
3 7815 6356 3878 
3 9003 9603 3884 
3 1313 1212 101 
3 5613 143 2730 
3 1192 2234 3324 
3 4172 6990 1849 
3 5189 9013 6671 
3 6697 2549 5800 
3 6803 9877 7275 
3 8021 4746 3038 
3 3933 9134 2754 
3 5276 8996 3281 
3 1086 1653 4308 
3 2237 2136 7491 
3 2199 7121 3439 
3 7123 4312 8994 
3 9744 5171 4255 
3 753 3578 6581 
3 2793 3849 5134 
3 9679 558 2781 
3 8773 7686 1699 
3 3097 5268 9261 
3 5397 6064 4217 
3 6063 2453 2390 
3 3402 7931 417 
3 1461 906 9029 
3 8716 4599 1170 
3 9008 4918 1488 
3 9194 2268 6831 
3 5523 4394 4196 
3 1656 4136 2289 
3 2417 6035 6414 
3 3782 7510 796 
3 9230 2852 5903 
3 550 381 1480 
3 3873 6636 5234 
3 5426 4818 5598 
3 9844 6023 1127 
3 8084 2016 8411 
3 3817 9759 6595 
3 1172 2621 9901 
3 8464 6261 6520 
3 8166 6132 8316 
3 6096 2775 472 
3 3888 1624 8049 
3 7400 4678 8759 
3 8789 7233 219 
3 2951 5253 828 
3 8793 3381 3131 
3 5246 7117 1783 
3 4630 4613 1093 
3 7786 159 3491 
3 1404 2444 2406 
3 8618 893 3300 
3 1627 8633 1985 
3 7309 2334 7684 
3 6227 3965 3262 
3 5770 5736 6953 
3 2068 7903 4910 
3 217 8539 6432 
3 6373 845 3442 
3 6517 4094 6529 
3 8987 1665 3334 
3 7788 1814 2731 
3 3783 279 1867 
3 1221 9502 133 
3 4088 2711 3584 
3 4487 5972 4932 
3 2065 1836 4479 
3 7501 6180 9534 
3 7925 4193 3401 
3 3744 2554 9535 
3 3721 3312 7969 
3 8165 5398 1801 
3 1208 5966 5391 
3 5586 5313 2750 
3 2987 9575 5917 
3 2281 1781 610 
3 1646 218 5577 
3 1904 6417 1899 
3 990 2722 7110 
3 5064 6812 7980 
3 7371 1184 7675 
3 3927 669 8665 
3 651 3862 7388 
3 9660 9200 5370 
3 5132 3539 3445 
3 7898 6586 4894 
3 4538 5104 401 
3 5599 2184 5594 
3 8694 3411 9770 
3 1638 2326 3929 
3 7502 3085 3076 
3 9846 4544 9941 
3 1292 89 2376 
3 545 934 3216 
3 4981 4428 9882 
3 5481 2947 9754 
3 4529 3947 3124 
3 7695 7672 2464 
3 7289 7065 8638 
3 7902 8268 1716 
3 7907 1935 8842 
3 4628 3424 1683 
3 292 4669 827 
3 9156 8525 7664 
3 757 8934 9209 
3 2087 1299 3521 
3 977 249 3807 
3 7043 6259 9356 
3 771 1928 8584 
3 8015 144 163 
3 2560 6405 5345 
3 6770 5511 3017 
3 2022 2173 1130 
3 6307 6958 7177 
3 1138 4833 2050 
3 9089 6973 4163 
3 2567 2057 2480 
3 7744 1120 930 
3 207 2990 2463 
3 9140 7096 6409 
3 8732 6068 6497 
3 3580 5122 1469 
3 2835 6805 1870 
3 894 9670 3115 
3 9860 7608 304 
3 1209 7134 7014 
3 3610 241 5429 
3 618 691 8776 
3 8709 157 4646 
3 2011 288 199 
3 7553 6331 3941 
3 316 7274 9785 
3 4553 4149 4842 
3 3313 8273 7962 
3 8853 1331 7223 
3 2564 5804 4882 
3 8886 5514 3178 
3 8409 6425 4948 
3 8068 9152 287 
3 8502 3541 2179 
3 7642 9179 3186 
3 7640 3353 865 
3 9225 356 5725 
3 2227 7163 7216 
3 4392 643 8298 
3 728 3893 9491 
3 6541 7878 4337 
3 7544 6301 5192 
3 1971 1958 6897 
3 9367 6387 4714 
3 2418 4355 9647 
3 5182 7019 4468 
3 7229 9406 9863 
3 3753 7298 5206 
3 7546 5663 3006 
3 5060 4226 5550 
3 5329 6513 8534 
3 862 4789 9100 
3 1841 1277 8645 
3 1227 5718 5254 
3 6213 108 6904 
3 2805 5578 819 
3 2288 616 1652 
3 1574 8870 7795 
3 5612 1809 9710 
3 8740 9885 8141 
3 425 9232 9172 
3 5534 7087 8310 
3 9329 4634 3425 
3 784 9553 2563 
3 8941 9617 733 
3 5825 186 4508 
3 6796 5424 5658 
3 6629 3798 5741 
3 2163 2841 4598 
3 4143 867 3438 
3 7948 3536 6087 
3 5848 6814 9870 
3 5952 2239 1495 
3 1661 7349 6484 
3 2435 9158 9590 
3 9570 2577 9423 
3 9582 5510 2201 
3 7556 2344 4791 
3 3209 4693 5958 
3 3208 1563 3812 
3 800 1700 5771 
3 2318 8564 2689 
3 1615 378 3712 
3 5573 7091 1376 
3 6620 5611 226 
3 347 769 1479 
3 128 8321 348 
3 7799 9346 6253 
3 7365 1099 383 
3 4518 9314 4403 
3 3917 8309 9555 
3 4986 4290 4726 
3 719 9876 6125 
3 7333 789 8103 
3 7441 6748 9862 
3 2152 1403 8771 
3 1685 189 7434 
3 9954 4709 4906 
3 7541 5409 633 
3 8493 7580 2586 
3 349 7459 8086 
3 9819 1909 1131 
3 6692 7835 7060 
2 9205 6701 
2 2470 3213 
2 8347 4939 
2 1196 415 
2 7140 5316 
2 5294 958 
2 8064 1235 
2 7946 6917 
2 1788 2012 
2 4211 1494 
2 1949 441 
2 5183 7758 
2 5148 2451 
2 831 703 
2 9323 1230 
2 4996 203 
2 2550 1679 
2 3784 9737 
2 8282 6279 
2 8960 1284 
2 3327 8379 
2 3949 5379 
2 5343 2878 
2 1799 863 
2 6457 291 
2 6456 1188 
2 2356 1868 
2 361 1119 
2 8686 3860 
2 1993 2382 
2 3859 1180 
2 1818 8080 
2 2498 4621 
2 2035 5410 
2 3821 5694 
2 5779 2483 
2 1732 1611 
2 3247 2384 
2 1323 1335 
2 6843 1105 
2 7479 935 
2 7669 7507 
2 7807 782 
2 693 4 
2 8412 8406 
2 8726 509 
2 388 405 
2 280 8875 
2 7965 9372 
2 4254 9999 
2 4633 8410 
2 5833 2789 
2 1111 5051 
2 7307 5699 
2 8985 4950 
2 258 4330 
2 4675 8970 
2 6233 268 
2 1135 9807 
2 8955 4344 
2 4664 6085 
2 9102 2324 
2 2579 3787 
2 922 2378 
2 4734 7251 
2 4632 200 
2 3394 1133 
2 1046 227 
2 7753 8784 
2 1074 6407 
2 376 9663 
2 2373 2541 
2 983 1029 
2 9742 5844 
2 3292 5977 
2 318 7791 
2 9701 4461 
2 811 3389 
2 6983 3386 
2 9724 7667 
2 1987 2311 
2 6635 662 
2 2086 9636 
2 4107 1553 
2 9604 3639 
2 8461 3922 
2 5356 2405 
2 8791 2386 
2 8523 4979 
2 6500 2942 
2 4425 9186 
2 2715 9632 
2 6158 9717 
2 3827 8374 
2 9162 5177 
2 741 794 
2 8491 9533 
2 2410 3385 
2 9148 8602 
2 491 9557 
2 7399 6434 
2 6371 2508 
2 342 5005 
2 9644 7092 
2 2030 173 
2 5327 2676 
2 4371 3199 
2 8164 7322 
2 1992 8731 
2 2883 4273 
2 1534 3819 
2 8136 621 
2 409 4220 
2 6420 8872 
2 3756 7706 
2 5266 3866 
2 6254 7992 
2 3008 6242 
2 7820 4369 
2 5413 6647 
2 1918 8725 
2 5187 2825 
2 7627 872 
2 9773 4810 
2 5885 9342 
2 1415 7340 
2 2747 7069 
2 821 1439 
2 1063 1705 
2 9282 9609 
2 69 1554 
2 4435 3935 
2 1897 4651 
2 7832 5210 
2 5643 6678 
2 4978 1329 
2 7636 5399 
2 5957 195 
2 3794 3799 
2 1969 4323 
2 984 7228 
2 148 1045 
2 2934 1206 
2 3225 3267 
2 917 8857 
2 9977 5073 
2 7393 7712 
2 4214 3058 
2 3620 1610 
2 2503 3227 
2 652 4260 
2 2873 5883 
2 4237 8879 
2 483 6480 
2 7243 6499 
2 7264 9362 
2 7165 8613 
2 7276 2166 
2 508 9327 
2 2172 5470 
2 1731 5265 
2 435 437 
2 4807 4032 
2 2427 8728 
2 605 901 
2 4103 8758 
2 5361 7093 
2 3144 2884 
2 5853 4535 
2 312 4356 
2 7033 6234 
2 2803 6174 
2 5840 9963 
2 5167 3474 
2 7547 9159 
2 5045 3466 
2 7408 7736 
2 7938 5979 
2 8395 2425 
2 6077 5340 
2 9011 8142 
2 5350 4758 
2 6901 8780 
2 6841 7793 
2 987 3636 
2 6675 8778 
2 8770 2500 
2 7097 9775 
2 6654 5745 
2 4860 9070 
2 8507 5508 
2 9822 2996 
2 7915 7172 
2 9787 7416 
2 1305 7588 
2 179 4224 
2 4822 194 
2 2330 1654 
2 8570 4372 
2 2170 8535 
2 2769 1142 
2 596 7639 
2 4577 3082 
2 9380 3984 
2 4891 8311 
2 7789 111 
2 303 4890 
2 6187 3879 
2 8117 9749 
2 7427 4732 
2 7059 2556 
2 118 8877 
2 8786 192 
2 184 3476 
2 3530 9415 
2 8144 2206 
2 6853 209 
2 9264 4972 
2 7942 7883 
2 6141 5279 
2 7578 8961 
2 4285 6128 
2 9931 482 
2 9218 3777 
2 5557 1614 
2 8417 9421 
2 5107 9571 
2 7856 8038 
2 1831 7086 
2 5067 8361 
2 3189 8975 
2 2520 1728 
2 7098 7561 
2 8405 478 
2 4175 3044 
2 8114 8224 
2 4376 729 
2 8244 121 
2 2808 4724 
2 8272 2771 
2 1695 4952 
2 2512 1972 
2 908 6614 
2 2485 7590 
2 4523 2812 
2 7075 8135 
2 8061 7741 
2 5983 6902 
2 3717 3727 
2 230 3716 
2 2974 5906 
2 6308 1485 
2 9556 6411 
2 5993 5696 
2 3493 1517 
2 9436 274 
2 5747 6156 
2 5504 4699 
2 9031 8002 
2 9793 8009 
2 6177 4232 
2 6720 8075 
2 5483 7045 
2 1496 6682 
2 781 8462 
2 3685 2039 
2 2098 7606 
2 7077 6937 
2 4470 8530 
2 4899 6833 
2 6559 156 
2 1350 7187 
2 1625 7483 
2 4098 7847 
2 4063 1283 
2 2532 7017 
2 1226 8220 
2 424 2271 
2 6607 574 
2 61 8698 
2 2272 311 
2 6265 5617 
2 1937 4333 
2 8880 8011 
2 8045 5727 
2 5304 833 
2 256 2827 
2 8797 9736 
2 9126 7730 
2 5213 2602 
2 7864 3635 
2 8110 5870 
2 6428 6429 
2 8561 1177 
2 8500 8542 
2 507 5533 
2 1749 2110 
2 4845 6545 
2 9357 5382 
2 1513 682 
2 7404 8868 
2 8635 3053 
2 1984 2231 
2 1171 5377 
2 4980 1326 
2 3059 5262 
2 9498 1804 
2 8159 7337 
2 4966 8494 
2 8556 7068 
2 6971 795 
2 5783 4588 
2 2298 3023 
2 5938 3307 
2 4440 5158 
2 7550 1696 
2 4427 4297 
2 4876 7533 
2 7248 1753 
2 9457 1917 
2 1634 2447 
2 3108 9686 
2 1501 5023 
2 1006 5260 
2 3690 2657 
2 428 6026 
2 81 9301 
2 866 4913 
2 9007 6998 
2 1703 7929 
2 8190 5754 
2 959 6539 
2 7139 9296 
2 7022 9910 
2 8441 7138 
2 7830 3469 
2 538 7833 
2 6293 7030 
2 406 7367 
2 5008 6551 
2 803 7682 
2 903 3993 
2 1166 7711 
2 5907 9932 
2 6075 9521 
2 8473 3268 
2 4305 7292 
2 8924 5480 
2 2252 1622 
2 8850 1789 
2 7067 4262 
2 3534 1762 
2 8592 182 
2 7453 2357 
2 2673 6237 
2 3205 1932 
2 8968 3846 
2 2583 6098 
2 6412 6257 
2 5585 2393 
2 5632 3266 
2 4770 4591 
2 5910 2900 
2 9823 7584 
2 5472 8555 
2 2310 3361 
2 7514 6617 
2 1307 6021 
2 3854 1275 
2 4283 6393 
2 1191 9044 
2 9548 7688 
2 1149 2138 
2 3705 9577 
2 6848 3286 
2 3963 6859 
2 9698 7523 
2 6799 9042 
2 4893 4453 
2 7281 4923 
2 3416 2645 
2 5926 1824 
2 668 4830 
2 4048 6519 
2 4019 4851 
2 6533 4793 
2 7102 5010 
2 5693 4843 
2 658 4060 
2 5900 5281 
2 3154 7129 
2 1878 603 
2 2664 8085 
2 7574 921 
2 6222 2026 
2 5430 6454 
2 1770 2546 
2 25 3169 
2 3803 2961 
2 7000 4911 
2 452 9297 
2 5640 3591 
2 8541 224 
2 3611 7071 
2 6643 2385 
2 3810 7985 
2 3382 275 
2 9311 8001 
2 4236 1612 
2 4571 9189 
2 6961 9411 
2 9914 6040 
2 2928 341 
2 5100 3994 
2 2899 7658 
2 698 9861 
2 2280 1190 
2 5828 9101 
2 6334 972 
2 526 1302 
2 6862 6923 
2 5538 886 
2 9146 3719 
2 9554 8231 
2 5809 27 
2 7782 319 
2 6119 582 
2 6185 746 
2 6031 3454 
2 8554 2656 
2 4009 8000 
2 54 6592 
2 4691 9229 
2 2153 9059 
2 3523 1775 
2 659 7890 
2 6195 3990 
2 468 9972 
2 2662 3696 
2 238 2709 
2 5838 7852 
2 8334 6290 
2 3619 9270 
2 9204 6509 
2 3156 9933 
2 9720 6772 
2 1316 180 
2 4525 1667 
2 2038 9825 
2 1777 8034 
2 7261 5386 
2 6391 6516 
2 5549 412 
2 7011 6199 
2 6850 3754 
2 2980 8118 
2 6491 6283 
2 5635 7504 
2 1873 7488 
2 2525 4209 
2 9024 999 
2 8109 4821 
2 3413 1134 
2 4581 9336 
2 5859 9400 
2 1308 4987 
2 7222 1725 
2 4705 2758 
2 9150 5014 
2 5778 4034 
2 8757 422 
2 3645 1880 
2 1237 4132 
2 4520 2010 
2 1087 8098 
2 379 4252 
2 5257 5697 
2 5949 6792 
2 4174 5227 
2 8508 3843 
2 3383 2154 
2 8546 6163 
2 8344 8318 
2 573 4556 
2 1401 3201 
2 3788 986 
2 5527 3546 
2 360 7042 
2 154 7882 
2 5029 2858 
2 7921 5539 
2 5406 1964 
2 6631 583 
2 911 4062 
2 9638 5619 
2 2706 533 
2 3628 3643 
2 5342 5466 
2 2431 4976 
2 7183 8511 
2 5820 9321 
2 7822 5049 
2 9833 9164 
2 2733 5108 
